9418175940
9816587005
9459069766
9816510790
9418069947
9736893985
9816540006
9417996448
8894153055
9417034197
9459395307
9816147887
9816702857
9816303071
9559007778
9805179091
9814176489
9882241196
9872770711
9418760671
9816811476
9816253134
9817460348
9418970481
9625035513
9816545825
9915227263
9465881182
9625514659
9805681150
9459410333
9816100075
9459057543
9459575119
9318510136
9779367896
9464909109
9356973065
9805793796
9418034976
9418112483
9779255423
9459757276
9459410592
8894211251
9816813176
9888224746
9816458714
9459643908
9812312312
8894980604
9418565225
9816514253
9817448885
9805001738
9816083785
9459074139
9817950646
9418192919
9805014000
9816368381
9418792705
9459843438
9805733221
9816194313
8894099671
9318539477
9418221800
9816120632
9418150733
9816932547
9805104989
9459416508
9816250925
9882533400
9816231120
9459077857
9805067371
9882264139
9816108676
9816279673
9418392610
8894265804
9805606060
9418012345
9805074415
9805299551
9816777540
9816273553
9459437378
9418426149
9545984807
8894508538
9418079911
9418156321
8894829875
9418816738
9816082262
9418302795
8988024944
9459443095
9459147301
9805673870
9625578159
9816469991
9816348882
9816590148
9418314935
9418654126
9882805114
9817490122
9459840714
9816605206
9418314439
9876307929
9816134685
8894277939
9817939338
9816937182
9817677382
9418293831
9816137896
9418932193
9816061219
9817898536
9418889371
9816742666
9418768728
9418432221
9816789957
9418494739
9318669680
9418106877
9418045815
9418000507
8894507199
9816439449
9816610609
9418504498
9805220890
9418188550
9418069511
9418247803
8894505855
9817770498
9459439637
9418540325
9459844954
9418687421
9418304278
9816755836
9418617378
9882173835
9816328110
9816443258
9882012993
9805455668
9816763290
9218890784
8894434467
9418428350
9418223274
9816816768
9736104453
9418656801
9418043846
9805689101
9418008124
9459143111
9418792775
9736171208
9418617327
9418639298
9418112158
9418542165
9816338599
9816281465
9418193580
8894044094
9816175477
9816486338
9418112900
9805549052
9882016671
9418085742
9816622404
9816376489
9882026297
9736116965
9318687217
9882226428
9459259692
9816869033
9882410492
8894220539
9816562666
9816438505
9418707751
9459073957
9459475756
9418332232
9816349050
9418611019
9817879322
9805784100
9736064680
9816671170
9459064267
9805191713
9816359571
9816241565
9816334152
9418157037
9418112792
9816877287
9418054418
9805377868
9816777801
9418112722
9129667165
9805760062
9418927605
9418769039
9459083305
9218941673
9418223205
9418222713
9816271557
9625113459
9816395870
9816122437
9625113473
9459838002
9816059503
9805027396
9816671490
9805480294
9186792472
9816469125
9418355145
9805130781
9816055827
9418361711
9418104168
9816414775
9418185707
9816777925
8894024970
9816049962
9893265034
9816263328
9816471958
8894078349
9129726585
8894153553
9459434288
9805357355
9459899550
9816718087
9418452264
9816509425
9418045535
9816175151
8894545646
9418541754
9816248647
9418218358
8894448022
9816406892
9418405496
9816065047
9816870495
9816288198
9816414811
9805216399
9459395558
9816060776
8894078390
9418184467
9418090384
9816374947
9857418598
9805895363
9816242243
9816446162
9816448292
9816141595
9459839760
9418380006
9418386808
9418714640
9816768435
9418189193
9459395884
9625421607
9418540410
9816387230
9417995548
9816760593
9805674322
9816958239
9805924919
9805217475
9816511411
9418961304
9816061917
9816556425
9418447660
9816281981
9816154941
9816046072
9418780182
9816537856
9459069179
9816353840
9816917441
9816717778
9418222845
9805286468
9816662212
9816026415
9459234788
9816811440
9805618656
9418222709
9805074316
9816495122
9418479039
9816141275
9857492031
9418313828
9418910313
9818518049
9418329943
9418187997
9418968562
9459575413
9805186108
9318545341
9817572238
9418540973
9816604059
9418937034
9418186379
9816723740
9816778033
9418721221
9805393705
9418515222
9418715815
9418053799
9816355337
9816098160
9817537331
8894257758
9816408999
9816563232
9418792928
9805810236
9418334384
9459066353
9736582323
9816929043
9418937111
9805904059
9459846939
9816347117
9816857628
9418884140
9625094604
9817011000
9418250388
8894077053
8894887954
9418937073
9817323622
9816098160
9418788794
9459779632
9417876691
9418534719
9418240365
9418301047
9418790006
9459442613
9418788774
9418611649
9625676537
9418146462
9459750840
9418257315
9817151453
9817804568
9418535159
9418787166
9463463188
9418009136
9817986216
9418185184
9459912243
9418091042
9418188788
9417407039
9816208475
9818871700
8894237655
9625447852
9736069756
9805770142
9459403295
9805946939
9418755303
9817924265
9816440791
9418410257
9418045845
9459404594
9418782938
9418239411
9816007980
9817565439
9418600487
9625143005
9805044239
9816811428
9418159945
9459891051
9805168565
9816064994
9816975934
9418432878
9816468595
9318749966
9816480521
9817895211
9816408723
9882034566
9805750772
9805750440
9816724018
9418889372
9418299256
9418211510
9418692592
9418070046
9418540640
9418114719
9779579129
9816855271
9418472149
9817090967
9805655923
9816891227
9816322961
9459234645
9805393312
9816946281
9428057052
9816940571
9418489762
9816279868
9418711743
9816702452
9459396210
9459205200
9459410477
9816054463
9816732984
9459396210
9805665648
8894649351
9418431701
9459289918
9816546982
9459055876
9418133778
9816945677
9816389557
9805306362
9418321586
9816002308
9882510000
9816496626
9459289744
9816767963
9876898923
9816944641
9465390236
9805719676
9818678268
9418456854
9418110944
9459403434
9418497626
9418577577
9459395980
9459758363
9418317385
9816864818
9418333780
9418108194
9805223037
9418865231
9816430269
9817423540
9318867467
9816418518
9418676947
9882075282
9817332369
9817156460
9418436369
9218856267
9816084263
9418143622
9418612017
9882471168
9418408756
9816601459
9816261967
9418428365
9418232014
9736619601
9816863563
9816589058
9882670313
9805181388
9418106296
9418642146
9805498393
9805730137
9816427592
9805677958
9805752434
9816208968
9805923492
9625862111
9418220200
9418376082
9816055970
8091148698
9418642146
9817740160
9418169203
9418187648
9218838698
9418449956
9816794613
9817845688
9816807878
9882394954
9418143794
9418497200
9418582385
9418073395
9418970652
9418246955
9816325704
9816561525
9418293652
9805838905
9459946889
9418877682
9816417337
9816461395
9816455027
9418253225
9816770285
9816275947
9816284186
9817740430
9816128918
9816932257
9736603537
8894954389
9816545556
9857832484
9882260124
9816492608
9418580156
8894463369
9816436564
9418989887
9816923775
9816939883
9816003637
9418193790
9816237706
8894535535
9857256270
9805829470
9418565542
9816577658
9816506978
9418232972
9857314211
9218797050
9817088779
9418591194
9418301563
9816512785
9625345204
9805167067
9625710748
9817954654
9736585628
9805900211
9459847540
9418390785
9418101049
9418053162
9816131916
9418101319
9418355618
9805256282
9816749650
9418137556
9218879474
9805357034
8988128803
9805806180
9816592235
9805704732
9625938457
9418837537
9816088383
9805235201
9805345819
9418838093
9459208203
9816289250
9816387397
9418607030
9459082290
9418414161
9625330460
9817905624
9418010988
9418795559
9418607369
9805445043
9805787132
9418235999
9805900363
9805225942
9418687047
9816983540
9418096973
9418314304
9418314501
8894238020
9625525198
9817768796
9418488177
9857385668
9418194157
9805759808
9816414539
9942283277
9805057185
9816863893
9805206722
9418388412
9816185948
9418813492
9418298391
9816268999
9418218840
9318838539
9418969124
9418186555
9418330016
9816556467
9805030549
9816348230
9805946865
9418188893
9816704244
9805391399
9816457603
9816797212
9816390644
9418476982
9805730116
9816850669
9805430046
9816251376
9805457510
9418405896
9805378469
9816560789
9805984379
9816201134
9816794127
9816708965
9882724429
9816061551
8894420315
9459117377
9816255567
9418365411
9418513662
9816926085
9816473510
9816886269
9805124548
9418222639
8894090382
9816123885
9418565402
9805290222
9805566688
8894504605
9418694228
9816836396
9805729926
9418139875
9816436583
9459232925
9805911145
9418411403
9418540875
9816133838
9805828843
9805660129
9816492714
9459078526
9418905960
9816313951
9418868316
8894109171
9418096002
9816669758
9459023133
8894219157
9816174269
9459802404
9129678988
9817156888
9418918204
9418580007
9418972695
9805285721
9418896016
9816962979
9816174545
8894276159
9816416225
9816127303
9816007322
9418702002
9816702022
9736473355
8894837663
9418293799
9816465701
9816027523
9816112324
9817532125
9817169072
9459339636
9816685827
9882303705
9418368076
9816059121
9418144880
9736156776
9817109190
9816493076
9218730866
9805941675
9418729307
9129507882
9418347131
9816029231
9816635584
9129614667
9817082511
8894474174
9459540036
9805165144
9418093106
9816073006
9418808781
9418476200
9418783781
9882401381
9418295256
9817062073
9418146766
9418602798
9459332155
9459334538
9816147446
9817168277
9418288945
9816868732
9418115652
9817350986
9418138692
9816319266
9817157936
9129567558
9418445320
8091196454
9817070310
9816325729
9805374835
9418602517
9816300070
9817060444
9817050878
9418366432
9418444110
9418047578
9817052924
9818440557
9318087944
9418217500
9418138257
9882146352
9418006005
9459931936
9816543950
9418006043
9816208012
9817666994
9459675561
9817275075
9817399039
9805651733
9817617571
9817018684
9816490225
9816192095
9816296466
9418177922
9418456269
9418169855
9817152699
9994388908
9805621847
9817106733
9318855936
9817109752
9418075945
9816159481
9816783257
9805051201
9417587689
9817981006
9817067025
8894158156
9318780183
9816550303
9816128968
9805064265
9318826487
9816511854
9818444446
9418049185
9817052934
9417562436
9418611467
9816098054
9418672086
9418881472
9817606201
9817139538
9357325996
9882382917
8679283841
9805443720
9318287078
9816592085
9418145806
9459592293
9816617419
9882120047
9816069892
9805354814
9129559974
9816593812
9417370511
9736141470
9625430212
9418713125
9872214218
9816664269
9817974399
9418479629
9857121500
9817108167
9817168601
9817186731
9882315077
9805339219
9915144765
9857710035
9817056981
9418295634
9882033503
9318505100
9816511727
9817178150
9129179113
9418636051
9805231887
9418920383
9817159098
9816290125
9418920035
9805444082
9816517050
9817118882
9816338905
9816466292
9805771974
9418299220
9418605071
9857827363
9418082671
9736146988
9459673465
9418337022
9816222952
9625324982
9418534766
9459005792
9418103175
9418036087
9459592833
9817304767
9418039437
9805223541
9418499520
9418046352
9418042036
9418601331
9418156677
9418190991
9459775154
9736898542
9805214125
9805722788
9817799283
9459672556
9418693098
9418051288
9418006734
9418529085
9459191467
9882753433
9418638056
9418163426
9736067049
9459889050
9816137217
9418060524
9816254756
9418083181
9418554454
9816405798
9418273620
9418039521
9459672708
9418366830
9418034188
9805529726
9817134796
9459810411
9418841576
9736293400
9418035024
9418093948
9459121518
9418041652
9882138787
9817635646
9418684755
9418973428
8894446033
9418023493
9459458937
9418254659
9418661412
9625359162
9417475730
9817156491
9418471431
9418871419
9418049467
9816983259
9857874786
9418213309
9418961700
9418507772
9418215692
9418980356
9418947409
9418259281
9592190189
9418897091
9418000315
9816092061
9418196675
9459166631
9418578432
9418179200
9418058101
9418329601
9941547888
9817374910
9817153013
9418353378
9418445037
8894427577
9625194915
9418204557
9418259527
9817012588
9418500248
9816543709
9625625947
9817162465
9418947265
9805067067
9459165990
9817422600
9418654769
9817475730
9418044771
9418605199
9816230987
9418602014
9816110910
9882679082
9418191297
9459164137
9459992839
9816168168
9816388773
8894623109
9418692095
9418149555
9805684391
8894667211
9816134097
9816363869
8894126829
9418296182
9418257490
9805855605
9418349135
9129964640
9459028893
9418928065
9418051112
9418417328
9817288361
9817255545
9805110410
9882297668
9418178063
9418603946
9418212583
9418255708
9418554833
9816471697
9418994787
9817275777
9805837836
9418257899
9816134097
9418503569
9418414314
8894668121
9218735462
9805741824
9418022770
9418668235
9418956933
9816122182
9805139614
9805339900
9418377556
8894489336
9418049000
9418973559
9418088164
9418135221
9818700000
9418681636
9817984120
9418255037
9817639970
9805320400
9805273073
9418502852
9418207754
8894492075
9418368422
9418463204
9418668188
9418976941
9418676230
9418444615
9459811607
8894662404
9459166534
9816280942
9816929417
9418666819
9418863104
9459779089
9817184985
9318018229
9418847485
9418501998
9418671987
9418069543
9418888491
9416098115
9418299778
9459930801
9418946290
9418391622
9816367197
9418096594
9882818597
8894645102
9418044054
9816698202
9418887405
9418024646
9418021736