9418659942
9805910708
9418178674
9418205563
9816346257
8894498563
9418015478
9816023199
9418352766
9817981251
9418490120
9459122492
9805401609
9459806644
9418114718
9805031050
9816100673
9857841222
9816633428
9816441641
9882218484
9816542081
9816305019
9817462811
9805117461
9816418797
9816959116
9418201343
9857105247
9816512435
9805396660
9418181619
9817026590
9816308214
9418974842
9418209792
9817277498
9218747961
9816084566
9625452299
9418251003
9418602317
9816793322
9418974872
9882254976
9816556005
9805479253
9418352846
9816468546
9218762744
9418107681
9418145297
9815925538
9417875728
9318066506
9418662087
9816399399
9882013342
9816288173
9418632776
9816679567
9816505349
9318076454
9418880662
9882346110
9816431852
9318799669
9805256229
9805178004
9816485102
9816593035
9318690008
9736616633
9816302789
9418131734
9805953887
9805425128
9816243767
9805167722
9816497650
9816884350
9805123290
9418368731
9805543154
9418551594
9625656134
9816437233
9459436727
9418592299
9816150007
8679346162
9815996311
9316410423
9805332676
8968327881
9805850729
9592266184
9218508012
9318712237
9418353556
9805160007
9418125021
9318749774
9418107650
9418996830
9816476472
9816314343
9418931319
9816046668
9878256606
9418153703
8894244504
9816329680
9805361775
9218763730
9816180263
9805571840
9418604966
9816442164
9418080116
9816441082
9816284499
9816459873
9816864414
9418115859
9805499527
9805836784
9805231076
9816686200
9418872425
9805720266
9816685252
9218721461
9418048028
9318572814
9459006434
9816579801
9805588675
9816380883
9816146793
9816695903
9218771561
9816702315
9459437140
9882374485
9816267568
9805302574
9816941422
9882112808
9418367761
9417475139
9418600803
9418213911
9418217570
9418192140
9803369313
9625846140
9805019294
9418304290
9816474504
9418531281
9418531319
9805049873
9418213973
9817717047
9805730220
9418145532
9816285451
9805831367
9418371157
8894004201
9418256558
9805875413
9817876767
9418780779
9805833363
9418074052
9418537409
9816347572
9817150426
9872723378
9418167501
9805348217
9418145345
9816527614
9805849805
9816293903
9816711409
9882745787
9816052446
9816888347
8894550049
9805372707
9816395253
9318874816
9805450242
9816757178
8894952904
9816232334
9459171194
9805089092
9816517082
9805727902
9418192096
9459211138
9418297574
9805866124
9816416257
9816086381
9816833908
9817426587
9816465922
9816119144
9318854074
9817135039
9805896069
9318687968
9816786363
9805031386
9625137036
9805695007
9816566272
9318827410
9817187832
9318865213
9857164133
9805933906
9816215950
9816657152
9816061101
9816396300
9625126408
9805891259
9816190279